       Value     Percentile TotalCount 1/(1-Percentile)

       0.000 0.000000000000     381263           1.00
       0.000 0.100000000000     381263           1.11
       0.000 0.200000000000     381263           1.25
       0.000 0.300000000000     381263           1.43
       0.000 0.400000000000     381263           1.67
       0.395 0.500000000000     808681           2.00
       0.395 0.550000000000     808681           2.22
       0.395 0.600000000000     808681           2.50
       0.395 0.650000000000     808681           2.86
       0.395 0.700000000000     808681           3.33
       0.395 0.750000000000     808681           4.00
       0.395 0.775000000000     808681           4.44
       0.395 0.800000000000     808681           5.00
       0.395 0.825000000000     808681           5.71
       0.395 0.850000000000     808681           6.67
       0.395 0.875000000000     808681           8.00
       0.395 0.887500000000     808681           8.89
       0.395 0.900000000000     808681          10.00
       0.395 0.912500000000     808681          11.43
       0.395 0.925000000000     808681          13.33
       0.396 0.937500000000     837230          16.00
       0.396 0.943750000000     837230          17.78
       0.396 0.950000000000     837230          20.00
       0.396 0.956250000000     837230          22.86
       0.396 0.962500000000     837230          26.67
       0.790 0.968750000000     845216          32.00
       0.790 0.971875000000     845216          35.56
       0.790 0.975000000000     845216          40.00
       1.185 0.978125000000     856739          45.71
       1.185 0.981250000000     856739          53.33
       1.185 0.984375000000     856739          64.00
       1.185 0.985937500000     856739          71.11
       1.185 0.987500000000     856739          80.00
       1.186 0.989062500000     859111          91.43
       1.186 0.990625000000     859111         106.67
       1.580 0.992187500000     861789         128.00
       1.580 0.992968750000     861789         142.22
       1.580 0.993750000000     861789         160.00
       1.580 0.994531250000     861789         182.86
       1.581 0.995312500000     862626         213.33
       1.975 0.996093750000     863599         256.00
       1.975 0.996484375000     863599         284.44
       1.975 0.996875000000     863599         320.00
       1.976 0.997265625000     864061         365.71
       2.371 0.997656250000     864395         426.67
       2.765 0.998046875000     864737         512.00
       2.767 0.998242187500     865027         568.89
       2.767 0.998437500000     865027         640.00
       3.161 0.998632812500     865310         731.43
       3.161 0.998828125000     865310         853.33
       3.557 0.999023437500     865439        1024.00
       3.951 0.999121093750     865577        1137.78
       4.347 0.999218750000     865698        1280.00
       4.347 0.999316406250     865698        1462.86
       4.743 0.999414062500     865778        1706.67
       5.139 0.999511718750     865847        2048.00
       5.531 0.999560546875     865936        2275.56
       5.531 0.999609375000     865936        2560.00
       5.927 0.999658203125     865989        2925.71
       6.323 0.999707031250     866018        3413.33
       7.115 0.999755859375     866063        4096.00
       7.903 0.999780273438     866087        4551.11
       8.695 0.999804687500     866105        5120.00
      10.271 0.999829101563     866121        5851.43
      13.039 0.999853515625     866146        6826.67
      13.831 0.999877929688     866185        8192.00
      13.831 0.999890136719     866185        9102.22
      13.831 0.999902343750     866185       10240.00
      14.223 0.999914550781     866195       11702.86
      16.199 0.999926757813     866208       13653.33
      19.759 0.999938964844     866217       16384.00
      26.879 0.999945068359     866222       18204.44
      35.583 0.999951171875     866227       20480.00
      39.903 0.999957275391     866232       23405.71
      44.671 0.999963378906     866238       27306.67
      56.895 0.999969482422     866243       32768.00
      61.631 0.999972534180     866246       36408.89
      64.415 0.999975585938     866248       40960.00
      69.567 0.999978637695     866251       46811.43
      87.743 0.999981689453     866254       54613.33
     101.951 0.999984741211     866256       65536.00
     109.887 0.999986267090     866258       72817.78
     111.039 0.999987792969     866259       81920.00
     118.143 0.999989318848     866260       93622.86
     118.527 0.999990844727     866262      109226.67
     126.079 0.999992370605     866263      131072.00
     134.399 0.999993133545     866264      145635.56
     134.399 0.999993896484     866264      163840.00
     137.983 0.999994659424     866265      187245.71
     174.719 0.999995422363     866266      218453.33
     174.719 0.999996185303     866266      262144.00
     205.951 0.999996566772     866267      291271.11
     205.951 0.999996948242     866267      327680.00
     205.951 0.999997329712     866267      374491.43
    3805.183 0.999997711182     866268      436906.67
    3805.183 0.999998092651     866268      524288.00
    3805.183 0.999998283386     866268      582542.22
    3805.183 0.999998474121     866268      655360.00
    3805.183 0.999998664856     866268      748982.86
    6119.423 0.999998855591     866269      873813.33
    6119.423 1.000000000000     866269
#[Mean    =        0.269, StdDeviation   =        7.771]
#[Max     =     6119.423, Total count    =       866269]
#[Buckets =           31, SubBuckets     =         2048]
