       Value     Percentile TotalCount 1/(1-Percentile)

       5.927 0.000000000000      46707           1.00
       6.323 0.100000000000     431000           1.11
       6.323 0.200000000000     431000           1.25
       6.323 0.300000000000     431000           1.43
       6.323 0.400000000000     431000           1.67
       6.323 0.500000000000     431000           2.00
       6.323 0.550000000000     431000           2.22
       6.323 0.600000000000     431000           2.50
       6.323 0.650000000000     431000           2.86
       6.719 0.700000000000     490387           3.33
       6.719 0.750000000000     490387           4.00
       7.111 0.775000000000     496753           4.44
       8.303 0.800000000000     508753           5.00
      10.279 0.825000000000     526406           5.71
      11.063 0.850000000000     549341           6.67
      11.463 0.875000000000     581325           8.00
      11.463 0.887500000000     581325           8.89
      11.463 0.900000000000     581325          10.00
      11.463 0.912500000000     581325          11.43
      11.855 0.925000000000     593314          13.33
      12.247 0.937500000000     596740          16.00
      12.647 0.943750000000     600938          17.78
      13.039 0.950000000000     606881          20.00
      13.439 0.956250000000     610585          22.86
      13.831 0.962500000000     612975          26.67
      14.623 0.968750000000     618101          32.00
      14.623 0.971875000000     618101          35.56
      15.015 0.975000000000     620107          40.00
      15.807 0.978125000000     622326          45.71
      16.991 0.981250000000     624333          53.33
      18.175 0.984375000000     625916          64.00
      19.359 0.985937500000     626968          71.11
      20.543 0.987500000000     627743          80.00
      22.927 0.989062500000     628773          91.43
      24.495 0.990625000000     629816         106.67
      25.679 0.992187500000     630833         128.00
      26.479 0.992968750000     631243         142.22
      27.263 0.993750000000     631776         160.00
      28.447 0.994531250000     632254         182.86
      29.631 0.995312500000     632747         213.33
      33.215 0.996093750000     633153         256.00
      37.151 0.996484375000     633412         284.44
      41.887 0.996875000000     633650         320.00
      47.039 0.997265625000     633902         365.71
      56.895 0.997656250000     634152         426.67
      72.703 0.998046875000     634392         512.00
      83.391 0.998242187500     634520         568.89
      94.079 0.998437500000     634648         640.00
     102.719 0.998632812500     634766         731.43
     111.039 0.998828125000     634889         853.33
     120.895 0.999023437500     635013        1024.00
     126.847 0.999121093750     635079        1137.78
     133.247 0.999218750000     635137        1280.00
     139.903 0.999316406250     635200        1462.86
     147.455 0.999414062500     635262        1706.67
     156.927 0.999511718750     635324        2048.00
     167.935 0.999560546875     635356        2275.56
     180.991 0.999609375000     635386        2560.00
     206.335 0.999658203125     635416        2925.71
     248.959 0.999707031250     635448        3413.33
     276.991 0.999755859375     635478        4096.00
     322.815 0.999780273438     635494        4551.11
     354.559 0.999804687500     635509        5120.00
     419.327 0.999829101563     635525        5851.43
     478.463 0.999853515625     635540        6826.67
     555.007 0.999877929688     635556        8192.00
     636.927 0.999890136719     635564        9102.22
     660.991 0.999902343750     635571       10240.00
     773.631 0.999914550781     635579       11702.86
     904.703 0.999926757813     635587       13653.33
    1338.367 0.999938964844     635595       16384.00
    1572.863 0.999945068359     635599       18204.44
    1866.751 0.999951171875     635602       20480.00
    1976.319 0.999957275391     635606       23405.71
    2226.175 0.999963378906     635610       27306.67
    2586.623 0.999969482422     635614       32768.00
    2668.543 0.999972534180     635616       36408.89
    3031.039 0.999975585938     635618       40960.00
    3592.191 0.999978637695     635620       46811.43
    4300.799 0.999981689453     635622       54613.33
    4763.647 0.999984741211     635624       65536.00
    6004.735 0.999986267090     635625       72817.78
    6631.423 0.999987792969     635626       81920.00
    7335.935 0.999989318848     635627       93622.86
    8208.383 0.999990844727     635628      109226.67
   11862.015 0.999992370605     635629      131072.00
   11862.015 0.999993133545     635629      145635.56
   19038.207 0.999993896484     635630      163840.00
   19038.207 0.999994659424     635630      187245.71
   24150.015 0.999995422363     635631      218453.33
   24150.015 0.999996185303     635631      262144.00
   24150.015 0.999996566772     635631      291271.11
   26607.615 0.999996948242     635632      327680.00
   26607.615 0.999997329712     635632      374491.43
   26607.615 0.999997711182     635632      436906.67
   26607.615 0.999998092651     635632      524288.00
   26607.615 0.999998283386     635632      582542.22
   93192.191 0.999998474121     635633      655360.00
   93192.191 1.000000000000     635633
#[Mean    =        8.390, StdDeviation   =      131.165]
#[Max     =    93192.191, Total count    =       635633]
#[Buckets =           31, SubBuckets     =         2048]
