       Value     Percentile TotalCount 1/(1-Percentile)

       0.000 0.000000000000     306895           1.00
       0.000 0.100000000000     306895           1.11
       0.000 0.200000000000     306895           1.25
       0.000 0.300000000000     306895           1.43
       0.395 0.400000000000     779582           1.67
       0.395 0.500000000000     779582           2.00
       0.395 0.550000000000     779582           2.22
       0.395 0.600000000000     779582           2.50
       0.395 0.650000000000     779582           2.86
       0.395 0.700000000000     779582           3.33
       0.395 0.750000000000     779582           4.00
       0.395 0.775000000000     779582           4.44
       0.395 0.800000000000     779582           5.00
       0.395 0.825000000000     779582           5.71
       0.395 0.850000000000     779582           6.67
       0.395 0.875000000000     779582           8.00
       0.395 0.887500000000     779582           8.89
       0.395 0.900000000000     779582          10.00
       0.395 0.912500000000     779582          11.43
       0.396 0.925000000000     811251          13.33
       0.396 0.937500000000     811251          16.00
       0.396 0.943750000000     811251          17.78
       0.396 0.950000000000     811251          20.00
       0.396 0.956250000000     811251          22.86
       0.790 0.962500000000     821155          26.67
       0.790 0.968750000000     821155          32.00
       0.791 0.971875000000     822493          35.56
       1.185 0.975000000000     833798          40.00
       1.185 0.978125000000     833798          45.71
       1.185 0.981250000000     833798          53.33
       1.185 0.984375000000     833798          64.00
       1.185 0.985937500000     833798          71.11
       1.186 0.987500000000     836346          80.00
       1.186 0.989062500000     836346          91.43
       1.580 0.990625000000     839541         106.67
       1.580 0.992187500000     839541         128.00
       1.580 0.992968750000     839541         142.22
       1.581 0.993750000000     840571         160.00
       1.581 0.994531250000     840571         182.86
       1.975 0.995312500000     841811         213.33
       1.975 0.996093750000     841811         256.00
       1.976 0.996484375000     842337         284.44
       2.371 0.996875000000     842782         320.00
       2.371 0.997265625000     842782         365.71
       2.765 0.997656250000     843174         426.67
       2.767 0.998046875000     843448         512.00
       3.161 0.998242187500     843840         568.89
       3.161 0.998437500000     843840         640.00
       3.555 0.998632812500     843928         731.43
       3.951 0.998828125000     844186         853.33
       4.347 0.999023437500     844256        1024.00
       5.139 0.999121093750     844339        1137.78
       6.323 0.999218750000     844443        1280.00
       6.719 0.999316406250     844504        1462.86
       7.507 0.999414062500     844611        1706.67
       8.303 0.999511718750     844682        2048.00
       8.695 0.999560546875     844702        2275.56
       9.487 0.999609375000     844745        2560.00
      11.063 0.999658203125     844796        2925.71
      13.039 0.999707031250     844828        3413.33
      13.831 0.999755859375     844872        4096.00
      14.223 0.999780273438     844889        4551.11
      15.015 0.999804687500     844909        5120.00
      15.807 0.999829101563     844938        5851.43
      16.199 0.999853515625     844951        6826.67
      17.791 0.999877929688     844992        8192.00
      17.791 0.999890136719     844992        9102.22
      17.791 0.999902343750     844992       10240.00
      18.975 0.999914550781     845001       11702.86
      21.343 0.999926757813     845010       13653.33
      32.399 0.999938964844     845020       16384.00
      36.351 0.999945068359     845026       18204.44
      42.687 0.999951171875     845030       20480.00
      45.439 0.999957275391     845035       23405.71
      56.127 0.999963378906     845041       27306.67
      61.631 0.999969482422     845046       32768.00
      67.967 0.999972534180     845048       36408.89
      86.143 0.999975585938     845051       40960.00
      89.727 0.999978637695     845053       46811.43
      97.215 0.999981689453     845056       54613.33
     108.287 0.999984741211     845059       65536.00
     108.671 0.999986267090     845060       72817.78
     112.255 0.999987792969     845061       81920.00
     115.775 0.999989318848     845062       93622.86
     125.631 0.999990844727     845064      109226.67
     135.551 0.999992370605     845065      131072.00
     176.639 0.999993133545     845066      145635.56
     176.639 0.999993896484     845066      163840.00
     278.527 0.999994659424     845067      187245.71
     688.639 0.999995422363     845068      218453.33
     688.639 0.999996185303     845068      262144.00
    1127.423 0.999996566772     845069      291271.11
    1127.423 0.999996948242     845069      327680.00
    1127.423 0.999997329712     845069      374491.43
    2041.855 0.999997711182     845070      436906.67
    2041.855 0.999998092651     845070      524288.00
    2041.855 0.999998283386     845070      582542.22
    2041.855 0.999998474121     845070      655360.00
    2041.855 0.999998664856     845070      748982.86
    2510.847 0.999998855591     845071      873813.33
    2510.847 1.000000000000     845071
#[Mean    =        0.305, StdDeviation   =        3.879]
#[Max     =     2510.847, Total count    =       845071]
#[Buckets =           31, SubBuckets     =         2048]
