      Value     Percentile TotalCount 1/(1-Percentile)

       5.531 0.000000000000          6           1.00
       6.323 0.100000000000     586743           1.11
       6.323 0.200000000000     586743           1.25
       6.323 0.300000000000     586743           1.43
       6.323 0.400000000000     586743           1.67
       6.323 0.500000000000     586743           2.00
       6.323 0.550000000000     586743           2.22
       6.719 0.600000000000     667740           2.50
       6.719 0.650000000000     667740           2.86
       7.507 0.700000000000     708722           3.33
       9.879 0.750000000000     764760           4.00
      10.271 0.775000000000     804003           4.44
      10.271 0.800000000000     804003           5.00
      10.279 0.825000000000     864289           5.71
      10.279 0.850000000000     864289           6.67
      10.671 0.875000000000     934763           8.00
      10.671 0.887500000000     934763           8.89
      10.671 0.900000000000     934763          10.00
      10.671 0.912500000000     934763          11.43
      10.671 0.925000000000     934763          13.33
      11.063 0.937500000000     954802          16.00
      11.063 0.943750000000     954802          17.78
      11.063 0.950000000000     954802          20.00
      11.463 0.956250000000     962176          22.86
      11.855 0.962500000000     967679          26.67
      12.247 0.968750000000     972195          32.00
      12.247 0.971875000000     972195          35.56
      12.647 0.975000000000     975944          40.00
      13.439 0.978125000000     978846          45.71
      14.623 0.981250000000     981429          53.33
      16.199 0.984375000000     984693          64.00
      17.391 0.985937500000     986639          71.11
      18.175 0.987500000000     988008          80.00
      19.359 0.989062500000     989339          91.43
      22.127 0.990625000000     990742         106.67
      25.679 0.992187500000     992383         128.00
      27.263 0.992968750000     993250         142.22
      28.063 0.993750000000     993816         160.00
      30.031 0.994531250000     994590         182.86
      33.599 0.995312500000     995340         213.33
      37.151 0.996093750000     996097         256.00
      38.719 0.996484375000     996519         284.44
      40.319 0.996875000000     996891         320.00
      42.271 0.997265625000     997286         365.71
      43.871 0.997656250000     997747         426.67
      46.239 0.998046875000     998098         512.00
      48.223 0.998242187500     998255         568.89
      52.159 0.998437500000     998450         640.00
      56.511 0.998632812500     998640         731.43
      62.815 0.998828125000     998835         853.33
      71.935 0.999023437500     999024        1024.00
      79.423 0.999121093750     999123        1137.78
      88.895 0.999218750000     999220        1280.00
     104.319 0.999316406250     999317        1462.86
     120.895 0.999414062500     999416        1706.67
     141.439 0.999511718750     999512        2048.00
     152.191 0.999560546875     999561        2275.56
     172.671 0.999609375000     999614        2560.00
     195.199 0.999658203125     999659        2925.71
     222.463 0.999707031250     999708        3413.33
     273.151 0.999755859375     999756        4096.00
     302.847 0.999780273438     999781        4551.11
     337.407 0.999804687500     999805        5120.00
     393.215 0.999829101563     999830        5851.43
     400.383 0.999853515625     999854        6826.67
     406.527 0.999877929688     999878        8192.00
     414.463 0.999890136719     999891        9102.22
     433.919 0.999902343750     999903       10240.00
     446.207 0.999914550781     999915       11702.86
     469.759 0.999926757813     999927       13653.33
     501.503 0.999938964844     999939       16384.00
     536.575 0.999945068359     999946       18204.44
     555.007 0.999951171875     999952       20480.00
     563.711 0.999957275391     999958       23405.71
     579.583 0.999963378906     999964       27306.67
     629.759 0.999969482422     999970       32768.00
     654.847 0.999972534180     999973       36408.89
     670.719 0.999975585938     999976       40960.00
     735.231 0.999978637695     999979       46811.43
     756.735 0.999981689453     999982       54613.33
     797.695 0.999984741211     999985       65536.00
     854.015 0.999986267090     999987       72817.78
     885.247 0.999987792969     999988       81920.00
    1123.327 0.999989318848     999990       93622.86
    1748.991 0.999990844727     999991      109226.67
    1998.847 0.999992370605     999993      131072.00
    2457.599 0.999993133545     999994      145635.56
    2457.599 0.999993896484     999994      163840.00
    2607.103 0.999994659424     999995      187245.71
    2646.015 0.999995422363     999996      218453.33
    3139.583 0.999996185303     999997      262144.00
    3139.583 0.999996566772     999997      291271.11
    3139.583 0.999996948242     999997      327680.00
    3479.551 0.999997329712     999998      374491.43
    3479.551 0.999997711182     999998      436906.67
    3670.015 0.999998092651     999999      524288.00
    3670.015 0.999998283386     999999      582542.22
    3670.015 0.999998474121     999999      655360.00
    3670.015 0.999998664856     999999      748982.86
    3670.015 0.999998855591     999999      873813.33
    5709.823 0.999999046326    1000000     1048576.00
    5709.823 1.000000000000    1000000
#[Mean    =        8.042, StdDeviation   =       13.030]
#[Max     =     5709.823, Total count    =      1000000]
#[Buckets =           31, SubBuckets     =         2048]
