      Value     Percentile TotalCount 1/(1-Percentile)

       5.531 0.000000000000         17           1.00
       5.927 0.100000000000     140039           1.11
       6.323 0.200000000000     624767           1.25
       6.323 0.300000000000     624767           1.43
       6.323 0.400000000000     624767           1.67
       6.323 0.500000000000     624767           2.00
       6.323 0.550000000000     624767           2.22
       6.323 0.600000000000     624767           2.50
       6.719 0.650000000000     689235           2.86
       7.111 0.700000000000     711917           3.33
       9.087 0.750000000000     753124           4.00
       9.879 0.775000000000     796346           4.44
      10.271 0.800000000000     829882           5.00
      10.271 0.825000000000     829882           5.71
      10.279 0.850000000000     881448           6.67
      10.279 0.875000000000     881448           8.00
      10.671 0.887500000000     930929           8.89
      10.671 0.900000000000     930929          10.00
      10.671 0.912500000000     930929          11.43
      10.671 0.925000000000     930929          13.33
      11.063 0.937500000000     949406          16.00
      11.063 0.943750000000     949406          17.78
      11.463 0.950000000000     956817          20.00
      11.463 0.956250000000     956817          22.86
      12.247 0.962500000000     967594          26.67
      12.647 0.968750000000     972057          32.00
      12.647 0.971875000000     972057          35.56
      13.439 0.975000000000     975201          40.00
      15.015 0.978125000000     978563          45.71
      16.199 0.981250000000     981595          53.33
      17.791 0.984375000000     984690          64.00
      19.359 0.985937500000     986146          71.11
      22.127 0.987500000000     987543          80.00
      24.495 0.989062500000     989101          91.43
      26.479 0.990625000000     991055         106.67
      27.663 0.992187500000     992319         128.00
      28.447 0.992968750000     993506         142.22
      28.847 0.993750000000     993913         160.00
      30.815 0.994531250000     994571         182.86
      34.783 0.995312500000     995322         213.33
      37.535 0.996093750000     996169         256.00
      38.719 0.996484375000     996531         284.44
      40.319 0.996875000000     996948         320.00
      41.887 0.997265625000     997393         365.71
      43.071 0.997656250000     997707         426.67
      45.439 0.998046875000     998092         512.00
      47.039 0.998242187500     998259         568.89
      49.791 0.998437500000     998452         640.00
      54.143 0.998632812500     998646         731.43
      60.063 0.998828125000     998837         853.33
      68.799 0.999023437500     999026        1024.00
      73.919 0.999121093750     999122        1137.78
      80.639 0.999218750000     999221        1280.00
      91.263 0.999316406250     999319        1462.86
     109.055 0.999414062500     999420        1706.67
     127.615 0.999511718750     999513        2048.00
     139.519 0.999560546875     999561        2275.56
     158.847 0.999609375000     999612        2560.00
     174.335 0.999658203125     999659        2925.71
     204.287 0.999707031250     999708        3413.33
     247.423 0.999755859375     999756        4096.00
     271.615 0.999780273438     999781        4551.11
     294.399 0.999804687500     999805        5120.00
     336.383 0.999829101563     999830        5851.43
     370.687 0.999853515625     999854        6826.67
     402.687 0.999877929688     999878        8192.00
     405.759 0.999890136719     999891        9102.22
     411.903 0.999902343750     999903       10240.00
     435.967 0.999914550781     999916       11702.86
     463.103 0.999926757813     999927       13653.33
     491.519 0.999938964844     999939       16384.00
     516.863 0.999945068359     999946       18204.44
     541.695 0.999951171875     999952       20480.00
     561.663 0.999957275391     999958       23405.71
     593.407 0.999963378906     999964       27306.67
     641.535 0.999969482422     999970       32768.00
     721.919 0.999972534180     999973       36408.89
     752.639 0.999975585938     999976       40960.00
     901.631 0.999978637695     999979       46811.43
     964.607 0.999981689453     999982       54613.33
    1089.535 0.999984741211     999985       65536.00
    1142.783 0.999986267090     999987       72817.78
    1197.055 0.999987792969     999988       81920.00
    1259.519 0.999989318848     999990       93622.86
    1285.119 0.999990844727     999991      109226.67
    1454.079 0.999992370605     999993      131072.00
    1736.703 0.999993133545     999994      145635.56
    1736.703 0.999993896484     999994      163840.00
    2596.863 0.999994659424     999995      187245.71
    2633.727 0.999995422363     999996      218453.33
    2781.183 0.999996185303     999997      262144.00
    2781.183 0.999996566772     999997      291271.11
    2781.183 0.999996948242     999997      327680.00
    3170.303 0.999997329712     999998      374491.43
    3170.303 0.999997711182     999998      436906.67
    3624.959 0.999998092651     999999      524288.00
    3624.959 0.999998283386     999999      582542.22
    3624.959 0.999998474121     999999      655360.00
    3624.959 0.999998664856     999999      748982.86
    3624.959 0.999998855591     999999      873813.33
    7172.095 0.999999046326    1000000     1048576.00
    7172.095 1.000000000000    1000000
#[Mean    =        7.949, StdDeviation   =       13.319]
#[Max     =     7172.095, Total count    =      1000000]
#[Buckets =           31, SubBuckets     =         2048]
