       Value     Percentile TotalCount 1/(1-Percentile)

       5.139 0.000000000000          1           1.00
       7.507 0.100000000000     105804           1.11
       7.903 0.200000000000     643271           1.25
       7.903 0.300000000000     643271           1.43
       7.903 0.400000000000     643271           1.67
       7.903 0.500000000000     643271           2.00
       7.903 0.550000000000     643271           2.22
       7.903 0.600000000000     643271           2.50
       8.303 0.650000000000     762434           2.86
       8.303 0.700000000000     762434           3.33
       8.303 0.750000000000     762434           4.00
       9.087 0.775000000000     785937           4.44
      10.279 0.800000000000     801150           5.00
      12.247 0.825000000000     825035           5.71
      13.039 0.850000000000     857835           6.67
      13.439 0.875000000000     900189           8.00
      13.439 0.887500000000     900189           8.89
      13.439 0.900000000000     900189          10.00
      13.831 0.912500000000     932233          11.43
      13.831 0.925000000000     932233          13.33
      14.223 0.937500000000     943454          16.00
      14.623 0.943750000000     949437          17.78
      15.015 0.950000000000     954126          20.00
      15.407 0.956250000000     957751          22.86
      15.807 0.962500000000     967146          26.67
      16.199 0.968750000000     971919          32.00
      16.199 0.971875000000     971919          35.56
      16.991 0.975000000000     976720          40.00
      17.391 0.978125000000     978258          45.71
      18.575 0.981250000000     981837          53.33
      20.159 0.984375000000     984863          64.00
      21.343 0.985937500000     986257          71.11
      22.927 0.987500000000     987792          80.00
      24.895 0.989062500000     989161          91.43
      27.263 0.990625000000     990885         106.67
      29.631 0.992187500000     992366         128.00
      30.815 0.992968750000     993148         142.22
      31.615 0.993750000000     993751         160.00
      35.583 0.994531250000     994599         182.86
      41.503 0.995312500000     995321         213.33
      51.775 0.996093750000     996095         256.00
      60.063 0.996484375000     996487         284.44
      67.967 0.996875000000     996894         320.00
      70.335 0.997265625000     997291         365.71
      72.319 0.997656250000     997683         426.67
      75.903 0.998046875000     998085         512.00
      78.655 0.998242187500     998264         568.89
      83.007 0.998437500000     998452         640.00
      91.263 0.998632812500     998637         731.43
     106.687 0.998828125000     998833         853.33
     121.727 0.999023437500     999025        1024.00
     131.967 0.999121093750     999126        1137.78
     138.751 0.999218750000     999219        1280.00
     148.223 0.999316406250     999322        1462.86
     163.967 0.999414062500     999415        1706.67
     194.047 0.999511718750     999512        2048.00
     216.575 0.999560546875     999561        2275.56
     239.871 0.999609375000     999610        2560.00
     264.447 0.999658203125     999659        2925.71
     309.759 0.999707031250     999709        3413.33
     364.031 0.999755859375     999756        4096.00
     422.399 0.999780273438     999781        4551.11
     460.287 0.999804687500     999805        5120.00
     507.903 0.999829101563     999830        5851.43
     564.735 0.999853515625     999854        6826.67
     654.335 0.999877929688     999878        8192.00
     706.047 0.999890136719     999891        9102.22
     756.223 0.999902343750     999903       10240.00
     840.191 0.999914550781     999915       11702.86
    1061.887 0.999926757813     999927       13653.33
    1437.695 0.999938964844     999939       16384.00
    2054.143 0.999945068359     999946       18204.44
    2256.895 0.999951171875     999952       20480.00
    2385.919 0.999957275391     999958       23405.71
    2627.583 0.999963378906     999964       27306.67
    2981.887 0.999969482422     999970       32768.00
    3131.391 0.999972534180     999973       36408.89
    3325.951 0.999975585938     999976       40960.00
    3819.519 0.999978637695     999979       46811.43
    4980.735 0.999981689453     999982       54613.33
    5861.375 0.999984741211     999985       65536.00
    7741.439 0.999986267090     999987       72817.78
    7835.647 0.999987792969     999988       81920.00
    8962.047 0.999989318848     999990       93622.86
    9281.535 0.999990844727     999991      109226.67
   13950.975 0.999992370605     999993      131072.00
   22347.775 0.999993133545     999994      145635.56
   22347.775 0.999993896484     999994      163840.00
   23494.655 0.999994659424     999995      187245.71
   25903.103 0.999995422363     999996      218453.33
   34996.223 0.999996185303     999997      262144.00
   34996.223 0.999996566772     999997      291271.11
   34996.223 0.999996948242     999997      327680.00
   35979.263 0.999997329712     999998      374491.43
   35979.263 0.999997711182     999998      436906.67
   51871.743 0.999998092651     999999      524288.00
   51871.743 0.999998283386     999999      582542.22
   51871.743 0.999998474121     999999      655360.00
   51871.743 0.999998664856     999999      748982.86
   51871.743 0.999998855591     999999      873813.33
  144834.559 0.999999046326    1000000     1048576.00
  144834.559 1.000000000000    1000000
#[Mean    =       10.267, StdDeviation   =      170.854]
#[Max     =   144834.559, Total count    =      1000000]
#[Buckets =           31, SubBuckets     =         2048]

